[LEFT_CAM_2K]
fx=1074.16
fy=1074.79
cx=1112.35
cy=623.714
k1=-0.07455633170025269
k2=0.05856213996155913
p1=0.0006325424930568123
p2=0.0002752164581904679
k3=-0.025193198700940164

[LEFT_DISTO]
k1=-1.642094179105568
k2=3.2432384774936915
k4=-1.5560101074522945
p1=0.00047083880589802784
p2=0.00011583345960963078
k3=-0.004245784020766179
k5=3.0929248336175683
k6=0.17649138931121128

[STEREO]
CV_2K=0.00605973
RX_2K=-0.000373707
RZ_2K=-0.000175239
CV_FHD=0.00605973
RX_FHD=-0.000373707
RZ_FHD=-0.000175239
CV_HD=0.00605973
RX_HD=-0.000373707
RZ_HD=-0.000175239
CV_VGA=0.00605973
RX_VGA=-0.000373707
RZ_VGA=-0.000175239
Baseline=119.68
TY=0.269807
TZ=-0.129893

[RIGHT_CAM_2K]
fx=1072.83
fy=1073.1
cx=1098.49
cy=629.48
k1=-0.07280795055327649
k2=0.06000917568183208
p1=4.624813231049495e-05
p2=-0.00014789513987070252
k3=-0.027018014874550318

[RIGHT_DISTO]
k1=-0.7364595699009323
k2=1.2822257092719618
k4=-0.636123579617104
p1=0.00017718424231112843
p2=0.0002591731897621421
k3=0.32182195807205655
k5=1.1270313337841658
k6=0.4612808104739951

[LEFT_CAM_FHD]
fx=1074.16
fy=1074.79
cx=968.352
cy=542.714
k1=-0.07455633170025269
k2=0.05856213996155913
p1=0.0006325424930568123
p2=0.0002752164581904679
k3=-0.025193198700940164

[RIGHT_CAM_FHD]
fx=1072.83
fy=1073.1
cx=954.495
cy=548.48
k1=-0.07280795055327649
k2=0.06000917568183208
p1=4.624813231049495e-05
p2=-0.00014789513987070252
k3=-0.027018014874550318

[LEFT_CAM_HD]
fx=537.082
fy=537.394
cx=642.676
cy=359.857
k1=-0.07455633170025269
k2=0.05856213996155913
p1=0.0006325424930568123
p2=0.0002752164581904679
k3=-0.025193198700940164

[RIGHT_CAM_HD]
fx=536.413
fy=536.551
cx=635.747
cy=362.74
k1=-0.07280795055327649
k2=0.06000917568183208
p1=4.624813231049495e-05
p2=-0.00014789513987070252
k3=-0.027018014874550318

[LEFT_CAM_VGA]
fx=268.541
fy=268.697
cx=336.838
cy=187.429
k1=-0.07455633170025269
k2=0.05856213996155913
p1=0.0006325424930568123
p2=0.0002752164581904679
k3=-0.025193198700940164

[RIGHT_CAM_VGA]
fx=268.206
fy=268.276
cx=333.374
cy=188.87
k1=-0.07280795055327649
k2=0.06000917568183208
p1=4.624813231049495e-05
p2=-0.00014789513987070252
k3=-0.027018014874550318

[MISC]
Sensor_ID=0
